# 1: Time step number
# 2: Time (years)
# 3: Time step size (years)
# 4: Number of mesh cells
# 5: Number of Stokes degrees of freedom
# 6: Number of temperature degrees of freedom
# 7: Number of degrees of freedom for all compositions
# 8: Number of nonlinear iterations
# 9: Iterations for temperature solver
# 10: Iterations for composition solver 1
# 11: Iterations for composition solver 2
# 12: Iterations for composition solver 3
# 13: Iterations for composition solver 4
# 14: Iterations for composition solver 5
# 15: Iterations for composition solver 6
# 16: Iterations for Stokes solver
# 17: Velocity iterations in Stokes preconditioner
# 18: Schur complement iterations in Stokes preconditioner
# 19: RMS velocity (m/year)
# 20: Max. velocity (m/year)
# 21: Minimum topography (m)
# 22: Maximum topography (m)
# 23: Minimal temperature (K)
# 24: Average temperature (K)
# 25: Maximal temperature (K)
# 26: Average nondimensional temperature (K)
# 27: Visualization file name
  0 0.000000000000e+00 0.000000000000e+00 1773568 45594672 14579753 87478518 10  0  0  0  0  0  0  0 167 6427 2572 4.87716034e-03 1.02429933e-02  0.00000000e+00 0.00000000e+00 2.73000000e+02 1.52907548e+03 1.72780000e+03 8.63400798e-01 output-Heron-Geology/solution/solution-00000 
  1 7.621046889875e+04 7.621046889875e+04 1773568 45594672 14579753 87478518 10 17 23 18 19 19 16 20 180 5598 2942 5.05893888e-03 1.05606741e-02 -1.69232709e+02 1.90458082e+02 2.73000000e+02 1.52875385e+03 1.72780000e+03 8.63179718e-01                                           "" 
  2 1.509989182200e+05 7.478844932126e+04 1773568 45594672 14579753 87478518  8 15 21 17 18 19 16 21 140 5145 2198 5.05040899e-03 1.01590889e-02 -1.62440607e+02 5.96671311e+02 2.73000000e+02 1.52845487e+03 1.72780000e+03 8.62974201e-01                                           "" 
  3 2.285239870859e+05 7.752506886588e+04 1773568 45594672 14579753 87478518 10 15 21 19 19 19 16 22 176 6864 2797 5.08048537e-03 1.02648663e-02 -3.14365894e+02 8.76505911e+02 2.73000000e+02 1.52812454e+03 1.72780000e+03 8.62747138e-01                                           "" 
  4 3.052860809014e+05 7.676209381548e+04 1773568 45594672 14579753 87478518 10 14 20 17 17 17 15 20 163 6338 2604 5.02636914e-03 1.02910236e-02 -4.34261193e+02 1.19430195e+03 2.73000000e+02 1.52780553e+03 1.72780000e+03 8.62527862e-01                                           "" 
  5 3.819167436422e+05 7.663066274081e+04 1773568 45594672 14579753 87478518  9 13 20 16 17 17 14 20 124 4427 2125 4.96752090e-03 1.03655574e-02 -5.57419700e+02 1.44950555e+03 2.73000000e+02 1.52748497e+03 1.72780000e+03 8.62307512e-01                                           "" 
  6 4.580841540168e+05 7.616741037467e+04 1773568 45594672 14579753 87478518  8 13 20 16 17 17 15 19 113 3771 1914 4.92680780e-03 1.03888783e-02 -6.71224368e+02 1.65678955e+03 2.73000000e+02 1.52716551e+03 1.72780000e+03 8.62087921e-01                                           "" 
  7 5.341001264838e+05 7.601597246694e+04 1773568 45594672 14579753 87478518  7 13 19 16 16 17 14 19 104 3078 1809 4.90662120e-03 1.04012844e-02 -7.75391991e+02 1.83260740e+03 2.73000000e+02 1.52684643e+03 1.72780000e+03 8.61868595e-01                                           "" 
  8 6.100848148293e+05 7.598468834553e+04 1773568 45594672 14579753 87478518  6 12 18 15 16 17 14 18  85 2588 1543 4.89545404e-03 1.03975614e-02 -8.73137417e+02 1.99139583e+03 2.73000000e+02 1.52652753e+03 1.72780000e+03 8.61649388e-01                                           "" 
  9 6.861404271525e+05 7.605561232314e+04 1773568 45594672 14579753 87478518  6 12 18 16 16 16 14 18  77 2315 1481 4.88727263e-03 1.04015975e-02 -9.69174972e+02 2.13644897e+03 2.73000000e+02 1.52620820e+03 1.72780000e+03 8.61429890e-01                                           "" 
 10 7.621936266563e+05 7.605319950383e+04 1773568 45594672 14579753 87478518  5 12 18 16 16 16 14 18  58 1745 1160 4.87762811e-03 1.04127019e-02 -1.06326986e+03 2.26977154e+03 2.73000000e+02 1.52588865e+03 1.72780000e+03 8.61210237e-01                                           "" 
 11 8.382058783127e+05 7.601225165643e+04 1773568 45594672 14579753 87478518  5 11 18 16 16 16 14 18  62 2059 1256 4.86769487e-03 1.04237732e-02 -1.15513930e+03 2.39128626e+03 2.73000000e+02 1.52556781e+03 1.72780000e+03 8.60989699e-01                                           "" 
 12 9.141774599616e+05 7.597158164893e+04 1773568 45594672 14579753 87478518  6 12 17 16 16 16 14 18  72 2446 1487 4.86028749e-03 1.04239462e-02 -1.24331351e+03 2.50327338e+03 2.73000000e+02 1.52524760e+03 1.72780000e+03 8.60769592e-01                                           "" 
 13 9.901954330473e+05 7.601797308565e+04 1773568 45594672 14579753 87478518  5 12 17 16 17 16 13 18  62 2018 1281 4.85598212e-03 1.04088969e-02 -1.32667125e+03 2.60924759e+03 2.73000000e+02 1.52492678e+03 1.72780000e+03 8.60549066e-01                                           "" 
 14 1.066361216094e+06 7.616578304689e+04 1773568 45594672 14579753 87478518  5 12 17 17 17 16 13 18  63 1952 1301 4.85574262e-03 1.03852771e-02 -1.40637508e+03 2.71030603e+03 2.73000000e+02 1.52460499e+03 1.72780000e+03 8.60327874e-01 output-Heron-Geology/solution/solution-00001 
 15 1.142716562365e+06 7.635534627124e+04 1773568 45594672 14579753 87478518  5 12 17 17 17 16 13 18  66 2025 1364 4.85932597e-03 1.03609942e-02 -1.48349473e+03 2.80854019e+03 2.73000000e+02 1.52428217e+03 1.72780000e+03 8.60105976e-01                                           "" 
 16 1.219243723087e+06 7.652716072174e+04 1773568 45594672 14579753 87478518  5 11 17 17 17 15 13 18  70 2072 1429 4.86557618e-03 1.03426510e-02 -1.55873629e+03 2.90609504e+03 2.73000000e+02 1.52395860e+03 1.72780000e+03 8.59883561e-01                                           "" 
 17 1.295883549754e+06 7.663982666677e+04 1773568 45594672 14579753 87478518  5 11 17 17 17 15 13 18  67 1978 1366 4.87287609e-03 1.03327790e-02 -1.63195092e+03 3.00225072e+03 2.73000000e+02 1.52363429e+03 1.72780000e+03 8.59660637e-01                                           "" 
 18 1.372567971536e+06 7.668442178192e+04 1773568 45594672 14579753 87478518  5 11 17 17 17 15 13 18  73 2140 1480 4.88028340e-03 1.03303570e-02 -1.70257018e+03 3.09546098e+03 2.73000000e+02 1.52330965e+03 1.72780000e+03 8.59437483e-01                                           "" 
 19 1.449243629644e+06 7.667565810855e+04 1773568 45594672 14579753 87478518  5 11 17 17 17 15 13 18  74 1983 1509 4.88759945e-03 1.03329592e-02 -1.77055551e+03 3.18735513e+03 2.73000000e+02 1.52298486e+03 1.72780000e+03 8.59214227e-01                                           "" 
 20 1.525878843439e+06 7.663521379435e+04 1773568 45594672 14579753 87478518  4 11 17 17 17 15 13 18  66 1729 1296 4.89490920e-03 1.03372216e-02 -1.83692554e+03 3.27859865e+03 2.73000000e+02 1.52266001e+03 1.72780000e+03 8.58990932e-01                                           "" 
 21 1.602466374201e+06 7.658753076242e+04 1773568 45594672 14579753 87478518  5 11 17 17 17 15 13 19  83 2233 1557 4.90203149e-03 1.03403387e-02 -1.90156123e+03 3.36942133e+03 2.73000000e+02 1.52233648e+03 1.72780000e+03 8.58768543e-01                                           "" 
 22 1.679018950902e+06 7.655257670126e+04 1773568 45594672 14579753 87478518  5 11 17 17 17 15 13 19  82 2298 1533 4.90902642e-03 1.03398405e-02 -1.96398987e+03 3.45911406e+03 2.73000000e+02 1.52201144e+03 1.72780000e+03 8.58545117e-01                                           "" 
 23 1.755565203239e+06 7.654625233651e+04 1773568 45594672 14579753 87478518  5 11 17 17 17 15 12 19  84 2362 1551 4.91601665e-03 1.03361183e-02 -2.02441329e+03 3.54758657e+03 2.73000000e+02 1.52168612e+03 1.72780000e+03 8.58321502e-01                                           "" 
 24 1.832131512970e+06 7.656630973120e+04 1773568 45594672 14579753 87478518  5 11 17 17 17 15 12 19  81 2315 1497 4.92296315e-03 1.03303929e-02 -2.08274737e+03 3.63519765e+03 2.73000000e+02 1.52136042e+03 1.72780000e+03 8.58097624e-01                                           "" 
 25 1.908735894485e+06 7.660438151479e+04 1773568 45594672 14579753 87478518  5 11 17 16 17 15 13 19  79 2236 1433 4.92965707e-03 1.03247311e-02 -2.13870832e+03 3.72218737e+03 2.73000000e+02 1.52103428e+03 1.72780000e+03 8.57873437e-01                                           "" 
 26 1.985377249707e+06 7.664135522171e+04 1773568 45594672 14579753 87478518  4 11 17 16 17 15 13 19  67 1870 1202 4.93624811e-03 1.03202647e-02 -2.19181403e+03 3.80837555e+03 2.73000000e+02 1.52070961e+03 1.72780000e+03 8.57650267e-01                                           "" 
 27 2.062048923762e+06 7.667167405539e+04 1773568 45594672 14579753 87478518  4 11 17 16 17 15 13 19  71 1949 1252 4.94280340e-03 1.03174533e-02 -2.24181401e+03 3.89363734e+03 2.73000000e+02 1.52038263e+03 1.72780000e+03 8.57425507e-01 output-Heron-Geology/solution/solution-00002 
 28 2.138740332503e+06 7.669140874130e+04 1773568 45594672 14579753 87478518  4 11 17 16 17 15 13 19  73 2006 1281 4.94937301e-03 1.03161708e-02 -2.28859393e+03 3.97798702e+03 2.73000000e+02 1.52005531e+03 1.72780000e+03 8.57200515e-01                                           "" 
 29 2.215440240374e+06 7.669990787021e+04 1773568 45594672 14579753 87478518  4 11 17 16 17 15 13 19  74 2069 1304 4.95596610e-03 1.03150996e-02 -2.33225321e+03 4.06097357e+03 2.73000000e+02 1.51972771e+03 1.72780000e+03 8.56975332e-01                                           "" 
 30 2.292145182433e+06 7.670494205945e+04 1773568 45594672 14579753 87478518  4 11 17 16 17 15 13 19  69 1958 1215 4.96256397e-03 1.03136292e-02 -2.37262744e+03 4.14294376e+03 2.73000000e+02 1.51939771e+03 1.72780000e+03 8.56748494e-01                                           "" 
 31 2.368855555090e+06 7.671037265668e+04 1773568 45594672 14579753 87478518  4 11 17 16 17 15 13 19  68 1944 1190 4.96910421e-03 1.03118870e-02 -2.40965382e+03 4.22378763e+03 2.73000000e+02 1.51907463e+03 1.72780000e+03 8.56526417e-01                                           "" 
 32 2.445570981081e+06 7.671542599098e+04 1773568 45594672 14579753 87478518  4 11 17 16 17 15 13 19  70 2047 1221 4.97548170e-03 1.03102870e-02 -2.44363900e+03 4.30368436e+03 2.73000000e+02 1.51874628e+03 1.72780000e+03 8.56300718e-01                                           "" 
 33 2.522288621963e+06 7.671764088242e+04 1773568 45594672 14579753 87478518  4 11 17 16 17 15 13 19  71 2064 1211 4.98161561e-03 1.03091034e-02 -2.47486752e+03 4.38194090e+03 2.73000000e+02 1.51841771e+03 1.72780000e+03 8.56074861e-01                                           "" 
 34 2.599005205868e+06 7.671658390499e+04 1773568 45594672 14579753 87478518  4 11 17 16 17 15 13 19  67 1939 1144 4.98735099e-03 1.03083953e-02 -2.50356648e+03 4.45832577e+03 2.73000000e+02 1.51808892e+03 1.72780000e+03 8.55848856e-01                                           "" 
 35 2.675719699993e+06 7.671449412472e+04 1773568 45594672 14579753 87478518  4 11 16 16 17 16 13 19  65 1934 1107 4.99262414e-03 1.03077798e-02 -2.52956931e+03 4.53285270e+03 2.73000000e+02 1.51775992e+03 1.72780000e+03 8.55622709e-01                                           "" 
 36 2.752430551325e+06 7.671085133244e+04 1773568 45594672 14579753 87478518  4 11 16 17 17 16 13 19  65 1948 1111 4.99740050e-03 1.03074205e-02 -2.55301117e+03 4.60505729e+03 2.73000000e+02 1.51743471e+03 1.72780000e+03 8.55399169e-01                                           "" 
 37 2.829137135664e+06 7.670658433852e+04 1773568 45594672 14579753 87478518  5 11 16 17 17 15 13 19  77 2348 1312 5.00164619e-03 1.03080057e-02 -2.57355681e+03 4.67438082e+03 2.73000000e+02 1.51710531e+03 1.72780000e+03 8.55172748e-01                                           "" 
 38 2.905834556754e+06 7.669742109045e+04 1773568 45594672 14579753 87478518  4 11 16 17 17 15 13 19  60 1849 1014 5.00545873e-03 1.03093056e-02 -2.59100296e+03 4.74212836e+03 2.73000000e+02 1.51677574e+03 1.72780000e+03 8.54946206e-01                                           "" 
 39 2.982518715837e+06 7.668415908329e+04 1773568 45594672 14579753 87478518  4 11 16 17 17 15 13 19  61 1859 1029 5.00889405e-03 1.03110747e-02 -2.60599823e+03 4.80699208e+03 2.73000000e+02 1.51644601e+03 1.72780000e+03 8.54719556e-01                                           "" 
 40 3.059186981676e+06 7.666826583848e+04 1773568 45594672 14579753 87478518  4 11 16 17 17 15 13 19  58 1790  994 5.01193871e-03 1.03132161e-02 -2.61934923e+03 4.86999663e+03 2.73000000e+02 1.51611613e+03 1.72780000e+03 8.54492804e-01 output-Heron-Geology/solution/solution-00003 
 41 3.135837269184e+06 7.665028750828e+04 1773568 45594672 14579753 87478518  4 11 17 17 17 15 13 19  62 1804 1052 5.01460891e-03 1.03153031e-02 -2.63017959e+03 4.92935527e+03 2.73000000e+02 1.51579107e+03 1.72780000e+03 8.54269365e-01                                           "" 
 42 3.212469835944e+06 7.663256675971e+04 1773568 45594672 14579753 87478518  5 11 16 17 17 16 13 19  70 2200 1207 5.01693583e-03 1.03175482e-02 -2.63864510e+03 4.98625197e+03 2.73000000e+02 1.51546090e+03 1.72780000e+03 8.54042415e-01                                           "" 
 43 3.289083555523e+06 7.661371957945e+04 1773568 45594672 14579753 87478518  4 11 17 17 17 16 13 19  54 1643  939 5.01903058e-03 1.03204666e-02 -2.64516525e+03 5.03944373e+03 2.73000000e+02 1.51513059e+03 1.72780000e+03 8.53815366e-01                                           "" 
 44 3.365674251710e+06 7.659069618610e+04 1773568 45594672 14579753 87478518  5 11 16 17 17 15 13 19  66 2048 1166 5.02086832e-03 1.03234957e-02 -2.65045650e+03 5.08888088e+03 2.73000000e+02 1.51480017e+03 1.72780000e+03 8.53588237e-01                                           "" 
 45 3.442237806192e+06 7.656355448256e+04 1773568 45594672 14579753 87478518  5 11 16 17 17 15 13 19  62 1981 1082 5.02243342e-03 1.03264963e-02 -2.65517534e+03 5.13657121e+03 2.73000000e+02 1.51446963e+03 1.72780000e+03 8.53361035e-01                                           "" 
 46 3.518776431063e+06 7.653862487100e+04 1773568 45594672 14579753 87478518  5 11 16 17 17 15 13 19  61 1924 1069 5.02370512e-03 1.03296876e-02 -2.65964703e+03 5.18119210e+03 2.73000000e+02 1.51414477e+03 1.72780000e+03 8.53137729e-01                                           "" 
 47 3.595291996127e+06 7.651556506402e+04 1773568 45594672 14579753 87478518  4 11 16 17 17 15 13 19  48 1497  835 5.02467994e-03 1.03331652e-02 -2.66330374e+03 5.22283397e+03 2.73000000e+02 1.51381400e+03 1.72780000e+03 8.52910364e-01                                           "" 
 48 3.671784983202e+06 7.649298707505e+04 1773568 45594672 14579753 87478518  4 11 17 16 17 15 13 20  48 1482  846 5.02537147e-03 1.03364898e-02 -2.66548280e+03 5.26180937e+03 2.73000000e+02 1.51348310e+03 1.72780000e+03 8.52682910e-01                                           "" 
 49 3.748258305582e+06 7.647332238030e+04 1773568 45594672 14579753 87478518  4 11 16 16 17 15 12 20  45 1374  806 5.02574891e-03 1.03391341e-02 -2.66582451e+03 5.29942139e+03 2.73000000e+02 1.51315206e+03 1.72780000e+03 8.52455365e-01                                           "" 
 50 3.824712209908e+06 7.645390432602e+04 1773568 45594672 14579753 87478518  4 11 17 16 17 15 12 20  46 1519  807 5.02600975e-03 1.03402018e-02 -2.66423568e+03 5.33429483e+03 2.73000000e+02 1.51282089e+03 1.72780000e+03 8.52227724e-01                                           "" 
 51 3.901156036942e+06 7.644382703358e+04 1773568 45594672 14579753 87478518  4 11 17 16 17 15 12 20  46 1482  803 5.02634520e-03 1.03402085e-02 -2.66131727e+03 5.36627861e+03 2.73000000e+02 1.51249613e+03 1.72780000e+03 8.52004490e-01                                           "" 
 52 3.977596361254e+06 7.644032431175e+04 1773568 45594672 14579753 87478518  4 11 16 16 17 15 12 20  43 1357  752 5.02674865e-03 1.03396216e-02 -2.65762580e+03 5.39562140e+03 2.73000000e+02 1.51216457e+03 1.72780000e+03 8.51776584e-01                                           "" 
 53 4.054035603771e+06 7.643924251699e+04 1773568 45594672 14579753 87478518  4 11 16 16 17 15 12 20  40 1264  688 5.02718619e-03 1.03394369e-02 -2.65376039e+03 5.42268163e+03 2.73000000e+02 1.51183281e+03 1.72780000e+03 8.51548536e-01 output-Heron-Geology/solution/solution-00004 
 54 4.130467691582e+06 7.643208781133e+04 1773568 45594672 14579753 87478518  4 11 17 17 17 15 12 20  40 1362  689 5.02765167e-03 1.03399277e-02 -2.68338756e+03 5.44952637e+03 2.73000000e+02 1.51150086e+03 1.72780000e+03 8.51320363e-01                                           "" 
 55 4.206891662812e+06 7.642397122971e+04 1773568 45594672 14579753 87478518  4 11 17 17 17 14 12 20  43 1501  737 5.02830353e-03 1.03411405e-02 -2.71309077e+03 5.47477852e+03 2.73000000e+02 1.51116873e+03 1.72780000e+03 8.51092058e-01                                           "" 
 56 4.283304261642e+06 7.641259883049e+04 1773568 45594672 14579753 87478518  5 11 17 17 17 14 12 20  55 1816  924 5.02935960e-03 1.03427270e-02 -2.74305372e+03 5.49857375e+03 2.73000000e+02 1.51084365e+03 1.72780000e+03 8.50868605e-01                                           "" 
 57 4.359703778880e+06 7.639951723762e+04 1773568 45594672 14579753 87478518  5 11 17 17 17 14 12 20  51 1639  867 5.03073828e-03 1.03445636e-02 -2.77513602e+03 5.52122815e+03 2.73000000e+02 1.51051117e+03 1.72780000e+03 8.50640068e-01                                           "" 
 58 4.436090241276e+06 7.638646239605e+04 1773568 45594672 14579753 87478518  5 11 17 17 17 14 12 20  56 1980  936 5.03219635e-03 1.03462724e-02 -2.80456394e+03 5.54320952e+03 2.73000000e+02 1.51017854e+03 1.72780000e+03 8.50411426e-01                                           "" 
 59 4.512464790997e+06 7.637454972127e+04 1773568 45594672 14579753 87478518  5 11 17 17 17 14 12 20  55 1969  919 5.03346697e-03 1.03475535e-02 -2.83042665e+03 5.56687084e+03 2.73000000e+02 1.50984576e+03 1.72780000e+03 8.50182676e-01                                           "" 
 60 4.588829304310e+06 7.636451331314e+04 1773568 45594672 14579753 87478518  5 11 17 17 17 14 12 20  52 1680  880 5.03450114e-03 1.03478942e-02 -2.85233676e+03 5.59324409e+03 2.73000000e+02 1.50951280e+03 1.72780000e+03 8.49953809e-01                                           "" 
 61 4.665189178006e+06 7.635987369558e+04 1773568 45594672 14579753 87478518  6 11 17 17 17 14 12 20  59 1966  998 5.03542208e-03 1.03474649e-02 -2.87229281e+03 5.61874818e+03 2.73000000e+02 1.50918755e+03 1.72780000e+03 8.49730238e-01                                           "" 
 62 4.741547686653e+06 7.635850864699e+04 1773568 45594672 14579753 87478518  5 11 17 17 17 14 12 20  48 1658  812 5.03641678e-03 1.03483366e-02 -2.88814804e+03 5.64308118e+03 2.73000000e+02 1.50885417e+03 1.72780000e+03 8.49501080e-01                                           "" 
 63 4.817896707485e+06 7.634902083205e+04 1773568 45594672 14579753 87478518  5 11 17 17 17 14 12 20  49 1684  826 5.03755569e-03 1.03497299e-02 -2.90039672e+03 5.66645418e+03 2.73000000e+02 1.50852062e+03 1.72780000e+03 8.49271802e-01                                           "" 
 64 4.894232068719e+06 7.633536123357e+04 1773568 45594672 14579753 87478518  4 11 17 17 17 15 12 20  40 1371  670 5.03876938e-03 1.03520740e-02 -2.90997709e+03 5.68996413e+03 2.73000000e+02 1.50818691e+03 1.72780000e+03 8.49042419e-01                                           "" 
 65 4.970548171705e+06 7.631610298639e+04 1773568 45594672 14579753 87478518  4 11 17 17 17 15 12 20  37 1297  624 5.04003563e-03 1.03537362e-02 -2.92086666e+03 5.71323833e+03 2.73000000e+02 1.50785307e+03 1.72780000e+03 8.48812945e-01                                           "" 
 66 5.046850012514e+06 7.630184080920e+04 1773568 45594672 14579753 87478518  4 11 17 16 17 15 12 20  36 1281  606 5.04131455e-03 1.03546664e-02 -2.93545082e+03 5.73561269e+03 2.73000000e+02 1.50752782e+03 1.72780000e+03 8.48589370e-01 output-Heron-Geology/solution/solution-00005 
 67 5.123143938852e+06 7.629392633827e+04 1773568 45594672 14579753 87478518  4 11 17 16 17 14 12 20  37 1273  617 5.04259370e-03 1.03550252e-02 -2.94940282e+03 5.75686840e+03 2.73000000e+02 1.50719363e+03 1.72780000e+03 8.48359658e-01                                           "" 
 68 5.199434687582e+06 7.629074872925e+04 1773568 45594672 14579753 87478518  4 11 17 16 17 14 12 20  36 1253  612 5.04389076e-03 1.03555376e-02 -2.96240383e+03 5.77681914e+03 2.73000000e+02 1.50685924e+03 1.72780000e+03 8.48129802e-01                                           "" 
 69 5.275720943106e+06 7.628625552417e+04 1773568 45594672 14579753 87478518  4 11 17 16 17 14 12 20  37 1342  626 5.04514111e-03 1.03565354e-02 -2.97370276e+03 5.79561810e+03 2.73000000e+02 1.50652465e+03 1.72780000e+03 8.47899812e-01                                           "" 
 70 5.351998949327e+06 7.627800622137e+04 1773568 45594672 14579753 87478518  4 11 17 16 17 14 12 20  39 1432  662 5.04624083e-03 1.03583990e-02 -2.98232035e+03 5.81367836e+03 2.73000000e+02 1.50618989e+03 1.72780000e+03 8.47669707e-01                                           "" 
 71 5.428262644977e+06 7.626369564993e+04 1773568 45594672 14579753 87478518  4 11 17 16 17 14 12 20  41 1466  688 5.04720497e-03 1.03609908e-02 -2.98743733e+03 5.83522372e+03 2.73000000e+02 1.50586470e+03 1.72780000e+03 8.47446179e-01                                           "" 
 72 5.504507614393e+06 7.624496941557e+04 1773568 45594672 14579753 87478518  4 11 17 16 17 14 12 20  41 1452  695 5.04806938e-03 1.03634225e-02 -2.99103409e+03 5.85899117e+03 2.73000000e+02 1.50552967e+03 1.72780000e+03 8.47215886e-01                                           "" 
 73 5.580735381218e+06 7.622776682550e+04 1773568 45594672 14579753 87478518  5 11 17 17 17 14 12 20  48 1861  850 5.04897547e-03 1.03636092e-02 -2.99144372e+03 5.88222596e+03 2.73000000e+02 1.50519450e+03 1.72780000e+03 8.46985499e-01                                           "" 
 74 5.656959447130e+06 7.622406591180e+04 1773568 45594672 14579753 87478518  5 11 17 16 17 14 12 20  45 1734  776 5.05003958e-03 1.03636010e-02 -2.98805508e+03 5.90585520e+03 2.73000000e+02 1.50485913e+03 1.72780000e+03 8.46754969e-01                                           "" 
 75 5.733181379114e+06 7.622193198397e+04 1773568 45594672 14579753 87478518  5 11 17 16 17 14 12 20  46 1750  784 5.05121190e-03 1.03639467e-02 -2.98150303e+03 5.92879368e+03 2.73000000e+02 1.50452355e+03 1.72780000e+03 8.46524297e-01                                           "" 
 76 5.809397663944e+06 7.621628483011e+04 1773568 45594672 14579753 87478518  6 11 17 16 17 14 12 21  52 1966  895 5.05234694e-03 1.03648604e-02 -2.97526588e+03 5.95130408e+03 2.73000000e+02 1.50419825e+03 1.72780000e+03 8.46300695e-01                                           "" 
 77 5.885605207211e+06 7.620754326731e+04 1773568 45594672 14579753 87478518  5 11 17 16 17 14 12 20  42 1429  721 5.05332694e-03 1.03686660e-02 -2.96959615e+03 5.97336038e+03 2.73000000e+02 1.50386230e+03 1.72780000e+03 8.46069768e-01                                           "" 
 78 5.961787826065e+06 7.618261885379e+04 1773568 45594672 14579753 87478518  5 11 17 16 17 14 12 20  45 1580  778 5.05415434e-03 1.03726254e-02 -2.96790450e+03 5.99476726e+03 2.73000000e+02 1.50352625e+03 1.72780000e+03 8.45838774e-01                                           "" 
 79 6.037944663909e+06 7.615683784380e+04 1773568 45594672 14579753 87478518  6 11 17 16 17 14 12 20  53 2068  951 5.05497798e-03 1.03743323e-02 -2.96834982e+03 6.01502162e+03 2.73000000e+02 1.50319010e+03 1.72780000e+03 8.45607709e-01 output-Heron-Geology/solution/solution-00006 
 80 6.114087031381e+06 7.614236747220e+04 1773568 45594672 14579753 87478518  6 11 17 16 17 14 12 20  54 2094  969 5.05602136e-03 1.03753611e-02 -2.97011843e+03 6.03383376e+03 2.73000000e+02 1.50285378e+03 1.72780000e+03 8.45376532e-01                                           "" 
 81 6.190216008911e+06 7.612897752987e+04 1773568 45594672 14579753 87478518  7 11 17 16 17 14 12 20  62 2467 1128 5.05724662e-03 1.03751567e-02 -2.97106963e+03 6.05815116e+03 2.73000000e+02 1.50252875e+03 1.72780000e+03 8.45153113e-01                                           "" 
 82 6.266334558167e+06 7.611854925611e+04 1773568 45594672 14579753 87478518  6 11 17 16 17 14 12 20  51 2051  942 5.05840852e-03 1.03769067e-02 -2.96851522e+03 6.08409260e+03 2.73000000e+02 1.50219214e+03 1.72780000e+03 8.44921732e-01                                           "" 
 83 6.342429511552e+06 7.609495338519e+04 1773568 45594672 14579753 87478518  6 11 17 16 17 14 12 20  51 2207  951 5.05942891e-03 1.03803091e-02 -2.96067544e+03 6.10954699e+03 2.73000000e+02 1.50185543e+03 1.72780000e+03 8.44690285e-01                                           "" 
 84 6.418500973885e+06 7.607146233232e+04 1773568 45594672 14579753 87478518  5 11 17 16 17 14 12 20  42 1727  775 5.06036893e-03 1.03848494e-02 -2.94691904e+03 6.13450950e+03 2.73000000e+02 1.50151861e+03 1.72780000e+03 8.44458765e-01                                           "" 
 85 6.494549318593e+06 7.604834470851e+04 1773568 45594672 14579753 87478518  4 11 17 16 17 14 12 20  32 1316  599 5.06132898e-03 1.03891724e-02 -2.93127201e+03 6.15873255e+03 2.73000000e+02 1.50118168e+03 1.72780000e+03 8.44227163e-01                                           "" 
 86 6.570580259965e+06 7.603094137207e+04 1773568 45594672 14579753 87478518  4 11 17 16 17 14 12 20  32 1413  615 5.06235409e-03 1.03915500e-02 -2.91914732e+03 6.18206466e+03 2.73000000e+02 1.50085685e+03 1.72780000e+03 8.44003887e-01                                           "" 
 87 6.646595536356e+06 7.601527639053e+04 1773568 45594672 14579753 87478518  5 11 17 16 17 14 12 20  42 1763  811 5.06352424e-03 1.03912039e-02 -2.96111311e+03 6.20407582e+03 2.73000000e+02 1.50051963e+03 1.72780000e+03 8.43772088e-01                                           "" 
 88 6.722617336418e+06 7.602180006195e+04 1773568 45594672 14579753 87478518  7 11 17 16 17 14 12 20  56 2543 1100 5.06488282e-03 1.03906135e-02 -3.00196485e+03 6.22488599e+03 2.73000000e+02 1.50018217e+03 1.72780000e+03 8.43540119e-01                                           "" 
 89 6.798650053056e+06 7.603271663826e+04 1773568 45594672 14579753 87478518  7 11 17 16 17 14 12 20  51 2478 1021 5.06613960e-03 1.03932695e-02 -3.04032441e+03 6.25402339e+03 2.73000000e+02 1.49984445e+03 1.72780000e+03 8.43307980e-01                                           "" 
 90 6.874667406560e+06 7.601735350369e+04 1773568 45594672 14579753 87478518  6 11 17 16 17 14 12 20  45 2078  895 5.06705850e-03 1.03968469e-02 -3.07072489e+03 6.28428389e+03 2.73000000e+02 1.49950661e+03 1.72780000e+03 8.43075754e-01                                           "" 
 91 6.950660558083e+06 7.599315152313e+04 1773568 45594672 14579753 87478518  6 11 17 16 17 14 12 20  46 2042  915 5.06779656e-03 1.03989430e-02 -3.09313078e+03 6.31471226e+03 2.73000000e+02 1.49918145e+03 1.72780000e+03 8.42852250e-01                                           "" 
 92 7.026645597341e+06 7.598503925794e+04 1773568 45594672 14579753 87478518  5 11 17 16 17 14 12 20  36 1860  722 5.06854077e-03 1.04007590e-02 -3.11611108e+03 6.34483904e+03 2.73000000e+02 1.49884333e+03 1.72780000e+03 8.42619828e-01 output-Heron-Geology/solution/solution-00007 
 93 7.102628134193e+06 7.598253685170e+04 1773568 45594672 14579753 87478518  4 11 17 16 17 14 12 20  30 1283  582 5.06943600e-03 1.04022709e-02 -3.14891831e+03 6.37430524e+03 2.73000000e+02 1.49850499e+03 1.72780000e+03 8.42387265e-01                                           "" 
 94 7.178603431733e+06 7.597529754001e+04 1773568 45594672 14579753 87478518  4 11 17 16 17 14 12 19  32 1436  617 5.07058065e-03 1.04032081e-02 -3.17255087e+03 6.40304653e+03 2.73000000e+02 1.49816649e+03 1.72780000e+03 8.42154587e-01                                           "" 
 95 7.254573005246e+06 7.596957351392e+04 1773568 45594672 14579753 87478518  4 11 17 16 17 14 12 20  27 1325  545 5.07183345e-03 1.04046008e-02 -3.18261227e+03 6.43752777e+03 2.73000000e+02 1.49782782e+03 1.72780000e+03 8.41921787e-01                                           "" 
 96 7.330533140936e+06 7.596013568947e+04 1773568 45594672 14579753 87478518  4 11 17 16 17 14 12 19  26 1260  526 5.07304558e-03 1.04063167e-02 -3.17433690e+03 6.47440011e+03 2.73000000e+02 1.49750255e+03 1.72780000e+03 8.41698204e-01                                           "" 
 97 7.406483626241e+06 7.595048530519e+04 1773568 45594672 14579753 87478518  4 11 17 16 17 14 12 20  29 1397  570 5.07405577e-03 1.04077363e-02 -3.16453905e+03 6.51034691e+03 2.73000000e+02 1.49716354e+03 1.72780000e+03 8.41465174e-01                                           "" 
 98 7.482428790728e+06 7.594516448733e+04 1773568 45594672 14579753 87478518  4 11 17 16 17 14 12 20  31 1504  605 5.07499325e-03 1.04084083e-02 -3.13750041e+03 6.54554803e+03 2.73000000e+02 1.49682434e+03 1.72780000e+03 8.41232016e-01                                           "" 
 99 7.558375658793e+06 7.594686806410e+04 1773568 45594672 14579753 87478518  4 11 17 16 17 14 12 19  29 1337  570 5.07590628e-03 1.04087978e-02 -3.10026940e+03 6.58009552e+03 2.73000000e+02 1.49648491e+03 1.72780000e+03 8.40998704e-01                                           "" 
100 7.634327455879e+06 7.595179708617e+04 1773568 45594672 14579753 87478518  4 11 17 16 17 15 12 19  29 1234  568 5.07685455e-03 1.04087625e-02 -3.13638155e+03 6.62203633e+03 2.73000000e+02 1.49614527e+03 1.72780000e+03 8.40765239e-01                                           "" 
101 7.710287863124e+06 7.596040724484e+04 1773568 45594672 14579753 87478518  5 11 17 16 17 15 12 19  37 1549  708 5.07804812e-03 1.04081022e-02 -3.16246472e+03 6.66602301e+03 2.73000000e+02 1.49581949e+03 1.72780000e+03 8.40541308e-01                                           "" 
102 7.786259812838e+06 7.597194971397e+04 1773568 45594672 14579753 87478518  9 11 17 16 17 15 12 20  56 2623 1098 5.07967457e-03 1.04065754e-02 -3.18207076e+03 6.73199464e+03 2.73000000e+02 1.49547936e+03 1.72780000e+03 8.40307505e-01                                           "" 
103 7.862248556387e+06 7.598874354932e+04 1773568 45594672 14579753 87478518 10 11 17 16 17 14 12 20  65 3050 1230 5.08115406e-03 1.04063643e-02 -3.19940328e+03 6.83037606e+03 2.73000000e+02 1.49513894e+03 1.72780000e+03 8.40073509e-01                                           "" 
104 7.938242759768e+06 7.599420338123e+04 1773568 45594672 14579753 87478518  9 11 17 17 17 14 12 20  65 3129 1201 5.08221018e-03 1.04070435e-02 -3.20309136e+03 6.92855272e+03 2.73000000e+02 1.49479831e+03 1.72780000e+03 8.39839364e-01                                           "" 
105 8.014236015573e+06 7.599325580499e+04 1773568 45594672 14579753 87478518 10 11 17 17 17 14 12 20  69 3066 1267 5.08298986e-03 1.04073248e-02 -3.19585019e+03 7.02631912e+03 2.73000000e+02 1.49445747e+03 1.72780000e+03 8.39605081e-01 output-Heron-Geology/solution/solution-00008 
106 8.090232241954e+06 7.599622638095e+04 1773568 45594672 14579753 87478518 10 11 17 17 17 14 12 19  63 3049 1173 5.08396916e-03 1.04080943e-02 -3.17898926e+03 7.12298804e+03 2.73000000e+02 1.49413117e+03 1.72780000e+03 8.39380788e-01                                           "" 
107 8.166229042365e+06 7.599680041114e+04 1773568 45594672 14579753 87478518  7 11 17 17 18 14 12 20  43 2058  811 5.08508219e-03 1.04099021e-02 -3.15267848e+03 7.21797810e+03 2.73000000e+02 1.49378989e+03 1.72780000e+03 8.39146200e-01                                           "" 
108 8.242219286986e+06 7.599024462116e+04 1773568 45594672 14579753 87478518  5 11 17 17 18 14 12 19  33 1609  615 5.08612434e-03 1.04112937e-02 -3.11786704e+03 7.31177820e+03 2.73000000e+02 1.49344845e+03 1.72780000e+03 8.38911498e-01                                           "" 
109 8.318206155583e+06 7.598686859671e+04 1773568 45594672 14579753 87478518  4 11 17 17 18 14 12 19  25 1160  475 5.08704502e-03 1.04125811e-02 -3.07791798e+03 7.40464367e+03 2.73000000e+02 1.49310682e+03 1.72780000e+03 8.38676667e-01                                           "" 
110 8.394191418884e+06 7.598526330127e+04 1773568 45594672 14579753 87478518  4 11 17 16 18 14 12 19  23  997  446 5.08784737e-03 1.04127818e-02 -3.03758920e+03 7.49651283e+03 2.73000000e+02 1.49276498e+03 1.72780000e+03 8.38441697e-01                                           "" 
111 8.470182990956e+06 7.599157207165e+04 1773568 45594672 14579753 87478518  4 11 17 16 18 14 12 19  23 1023  448 5.08870680e-03 1.04126753e-02 -3.04112961e+03 7.58690068e+03 2.73000000e+02 1.49243869e+03 1.72780000e+03 8.38217410e-01                                           "" 
112 8.546183766840e+06 7.600077588420e+04 1773568 45594672 14579753 87478518  4 11 17 16 18 14 12 19  23 1017  447 5.08970514e-03 1.04121482e-02 -3.06388935e+03 7.67534974e+03 2.73000000e+02 1.49209638e+03 1.72780000e+03 8.37982113e-01                                           "" 
113 8.622196315059e+06 7.601254821872e+04 1773568 45594672 14579753 87478518  5 11 17 16 18 14 12 19  28 1248  551 5.09109075e-03 1.04112409e-02 -3.08179496e+03 7.76156298e+03 2.73000000e+02 1.49175382e+03 1.72780000e+03 8.37746644e-01                                           "" 
114 8.698222058024e+06 7.602574296525e+04 1773568 45594672 14579753 87478518  8 11 17 16 18 15 12 19  44 1963  845 5.09285010e-03 1.04089991e-02 -3.09276436e+03 7.84547270e+03 2.73000000e+02 1.49141102e+03 1.72780000e+03 8.37511009e-01                                           "" 
115 8.774269140025e+06 7.604708200084e+04 1773568 45594672 14579753 87478518 10 11 17 17 18 15 12 19  63 2821 1159 5.09436495e-03 1.04084942e-02 -3.09251214e+03 7.92720899e+03 2.73000000e+02 1.49106793e+03 1.72780000e+03 8.37275176e-01                                           "" 
116 8.850324845193e+06 7.605570516812e+04 1773568 45594672 14579753 87478518 10 11 17 17 18 15 12 19  71 3458 1261 5.09577557e-03 1.04096972e-02 -3.08387968e+03 8.00692524e+03 2.73000000e+02 1.49074062e+03 1.72780000e+03 8.37050191e-01                                           "" 
117 8.926377886051e+06 7.605304085822e+04 1773568 45594672 14579753 87478518 10 11 17 17 18 15 12 19  64 2822 1163 5.09735116e-03 1.04115711e-02 -3.07034774e+03 8.08448947e+03 2.73000000e+02 1.49039708e+03 1.72780000e+03 8.36814049e-01                                           "" 
118 9.002426243499e+06 7.604835744794e+04 1773568 45594672 14579753 87478518 10 11 17 17 18 15 12 19  60 2866 1101 5.09918973e-03 1.04124252e-02 -3.05252411e+03 8.15997730e+03 2.73000000e+02 1.49005334e+03 1.72780000e+03 8.36577770e-01 output-Heron-Geology/solution/solution-00009 
119 9.078478366869e+06 7.605212336991e+04 1773568 45594672 14579753 87478518  6 11 17 17 18 15 12 19  44 1706  781 5.10093298e-03 1.04137742e-02 -3.03032045e+03 8.23375349e+03 2.73000000e+02 1.48970938e+03 1.72780000e+03 8.36341342e-01                                           "" 
120 9.154530054915e+06 7.605168804545e+04 1773568 45594672 14579753 87478518  9 11 17 17 18 15 12 19  60 2758 1080 5.10244084e-03 1.04131187e-02 -3.07980889e+03 8.30609676e+03 2.73000000e+02 1.48936524e+03 1.72780000e+03 8.36104787e-01                                           "" 
121 9.230594077309e+06 7.606402239470e+04 1773568 45594672 14579753 87478518  8 11 17 17 18 15 12 19  47 2016  881 5.10393773e-03 1.04125972e-02 -3.12353639e+03 8.37633903e+03 2.73000000e+02 1.48903807e+03 1.72780000e+03 8.35879891e-01                                           "" 
122 9.306669461285e+06 7.607538397622e+04 1773568 45594672 14579753 87478518  8 11 17 16 18 15 12 19  50 2374  919 5.10581536e-03 1.04114334e-02 -3.15808620e+03 8.44433830e+03 2.73000000e+02 1.48869342e+03 1.72780000e+03 8.35642987e-01                                           "" 
123 9.382760667960e+06 7.609120667418e+04 1773568 45594672 14579753 87478518  6 11 17 16 18 15 12 19  38 1582  701 5.10775020e-03 1.04116930e-02 -3.18487678e+03 8.50984688e+03 2.73000000e+02 1.48834849e+03 1.72780000e+03 8.35405894e-01                                           "" 
124 9.458858838757e+06 7.609817079709e+04 1773568 45594672 14579753 87478518  6 11 17 16 18 15 12 19  42 1708  749 5.10954187e-03 1.04114031e-02 -3.20559702e+03 8.57310129e+03 2.73000000e+02 1.48800335e+03 1.72780000e+03 8.35168651e-01                                           "" 
125 9.534967558280e+06 7.610871952294e+04 1773568 45594672 14579753 87478518  5 11 17 17 18 15 12 19  33 1346  604 5.11097332e-03 1.04119975e-02 -3.22158504e+03 8.63396690e+03 2.73000000e+02 1.48765798e+03 1.72780000e+03 8.34931251e-01                                           "" 
126 9.611081938183e+06 7.611437990371e+04 1773568 45594672 14579753 87478518  7 11 17 17 18 15 12 19  45 2080  827 5.11248197e-03 1.04103424e-02 -3.23615626e+03 8.69256027e+03 2.73000000e+02 1.48733003e+03 1.72780000e+03 8.34705822e-01                                           "" 
127 9.687218347135e+06 7.613640895208e+04 1773568 45594672 14579753 87478518  5 11 17 17 18 15 12 20  30 1337  559 5.11409538e-03 1.04100909e-02 -3.25803439e+03 8.74869757e+03 2.73000000e+02 1.48698411e+03 1.72780000e+03 8.34468044e-01                                           "" 
128 9.763367522378e+06 7.614917524279e+04 1773568 45594672 14579753 87478518  5 11 17 17 18 15 12 19  35 1553  619 5.11620839e-03 1.04083802e-02 -3.30744859e+03 8.80305856e+03 2.73000000e+02 1.48663793e+03 1.72780000e+03 8.34230086e-01                                           "" 
129 9.839538586613e+06 7.617106423494e+04 1773568 45594672 14579753 87478518  6 11 17 17 18 15 12 20  37 1660  681 5.11838336e-03 1.04076858e-02 -3.35120044e+03 8.85558108e+03 2.73000000e+02 1.48629144e+03 1.72780000e+03 8.33991916e-01                                           "" 
130 9.915724930125e+06 7.618634351220e+04 1773568 45594672 14579753 87478518  6 11 17 17 18 15 12 19  40 1777  706 5.12046645e-03 1.04057661e-02 -3.38818680e+03 8.90642497e+03 2.73000000e+02 1.48594471e+03 1.72780000e+03 8.33753580e-01                                           "" 
131 9.991932977291e+06 7.620804716583e+04 1773568 45594672 14579753 87478518  4 11 17 16 18 15 12 19  24 1130  443 5.12248086e-03 1.04049784e-02 -3.43515283e+03 8.95529154e+03 2.73000000e+02 1.48561602e+03 1.72780000e+03 8.33527645e-01                                           "" 
132 1.000000000000e+07 8.067022708748e+03 1773568 45594672 14579753 87478518  1  7 15 12 15 13 10 17   6  427  104 5.12253854e-03 1.04048602e-02 -3.43936199e+03 8.96024963e+03 2.73000000e+02 1.48557927e+03 1.72780000e+03 8.33502385e-01 output-Heron-Geology/solution/solution-00010 
